0.70671 0.021127
3.4938 0.077465
6.2907 0.11972
11.915 0.16197
19.674 0.18310
27.437 0.19718
33.086 0.20423
40.855 0.21127
47.210 0.21831
51.471 0.19014
55.049 0.12676
59.309 0.098592
64.988 0.063380
71.353 0.056338
79.142 0.035211
87.628 0.028169
96.815 0.028169
113.07 0.028169
124.38 0.028169
139.93 0.024648
159.01 0.021127
179.51 0.021127
198.58 0.024648
236.04 0.024648
276.32 0.028169
316.60 0.028169
343.46 0.028169
365.37 0.024648
388.69 0.024648
398.58 0.024648
