7.7966  0.021352
13.550  0.13423
18.590  0.24004
24.399  0.43039
28.749  0.56434
35.941  0.70544
40.292  0.83940
47.484  0.98050
52.509  1.0652
59.681  1.1781
66.044  1.1502
71.638  1.0377
78.650  0.92526
86.367  0.80581
92.700  0.73561
100.45  0.65842
111.02  0.56724
123.72  0.46910
132.21  0.44123
144.22  0.37827
156.96  0.33646
172.53  0.29476
186.69  0.26709
200.86  0.24646
216.45  0.22588
228.49  0.20518
240.54  0.19152
252.59  0.17786
261.80  0.17114
268.90  0.17139
283.78  0.16487
300.79  0.14434
308.60  0.15166
317.81  0.14494
335.54  0.13853
344.05  0.13883
351.14  0.13203
364.60  0.11842
381.62  0.11198
388.71  0.11223
396.51  0.11250
