1.384 0.03460
16.61 0.04844
31.14 0.2007
38.06 0.4637
42.21 0.6713
45.67 0.9066
47.75 1.059
51.21 1.294
53.29 1.529
55.36 1.765
56.75 1.903
59.17 2.180
62.28 2.471
62.98 2.664
65.05 2.817
67.13 3.080
69.20 3.343
70.59 3.550
71.97 3.744
74.05 4.021
76.82 4.325
78.89 4.616
80.97 4.893
83.74 5.170
85.12 5.349
87.20 5.516
89.97 5.792
93.43 6.055
95.50 6.249
97.58 6.415
102.4 6.595
105.2 6.803
108.7 6.941
116.3 7.163
126.6 7.260
135.6 7.260
145.3 7.163
156.4 7.024
161.2 6.955
170.2 6.789
176.5 6.678
182.7 6.540
191.7 6.304
202.1 6.111
207.6 5.986
213.8 5.848
224.9 5.626
235.3 5.433
240.8 5.308
248.4 5.156
254.0 5.031
261.6 4.913
272.0 4.727
281.7 4.574
287.9 4.491
295.5 4.374
308.0 4.201
319.7 4.021
330.8 3.882
337.7 3.785
344.6 3.689
355.7 3.550
366.8 3.439
373.0 3.370
381.3 3.273
395.2 3.163
