2.794  0.04167
16.06  0.02778
28.61  0.09722
32.08  0.2083
37.63  0.4028
43.18  0.6250
46.63  0.8472
48.70  1.014
52.16  1.194
55.60  1.486
57.65  1.722
59.72  1.875
61.78  2.056
65.23  2.306
67.29  2.486
70.04  2.736
72.10  2.903
74.16  3.083
76.91  3.347
81.05  3.611
83.12  3.778
85.89  3.917
90.03  4.153
93.50  4.319
101.1  4.500
108.8  4.556
116.5  4.514
129.1  4.292
138.2  4.097
143.1  3.958
149.8  3.813
158.5  3.597
164.2  3.431
172.6  3.181
178.5  3.056
184.5  2.917
193.6  2.722
202.0  2.500
207.6  2.403
214.3  2.271
225.1  2.097
237.0  1.861
247.5  1.701
255.6  1.597
263.3  1.479
274.8  1.361
286.0  1.236
293.7  1.153
303.5  1.063
311.9  0.9722
320.3  0.9167
330.1  0.8611
339.8  0.7778
348.2  0.7222
360.8  0.6667
372.0  0.5833
380.4  0.5417
390.1  0.5139
