6.3781  0.021302
12.052  0.021502
19.184  0.078091
26.362  0.19806
32.855  0.35322
37.924  0.50129
40.811  0.57181
45.176  0.72689
52.409  0.92433
56.744  1.0372
66.114  1.2488
69.001  1.3193
75.429  1.3829
81.807  1.3761
88.874  1.3411
107.20  1.1798
111.43  1.1377
117.06  1.0815
136.82  0.94843
141.04  0.89928
148.10  0.85024
158.70  0.79427
165.05  0.74520
170.71  0.73131
191.20  0.62640
196.86  0.59843
203.93  0.56347
226.58  0.50793
235.08  0.48710
244.28  0.45926
253.48  0.43845
275.44  0.40402
283.24  0.39021
291.02  0.36935
312.99  0.34196
322.20  0.32820
330.00  0.32143
334.95  0.31456
360.47  0.28729
368.97  0.28055
395.20  0.26035
